input vector: [-1.1639790602494058, 0.8714883746317115, 0.8848220395157647, 0.33177965259316683, 0.22155400887004056, 0.8968498828501255, 0.11539644500210804, 0.9277864121100129, 0.43613204015145407, 0.4400515878160491, 0.8900219925147741, 0.2507573337771862, 0.09843324298196332, 0.5960687759184118, 0.10759015505029279, 0.08102748811633276, 0.8053945312620863, 0.0077713809486338725]
loss:
23298870.0693
average loss:
10786.513921

input vector: [-0.39053487218673144, 0.42616566863377575, -0.09193467936462553, 0.355897070435309, -0.1710867114109708, -0.19217147631676765, -0.05185257749926009, -0.17141901271706225, 0.3353275826410078, 0.3252292797240102, -0.17928944393070864, 0.1584753827816254, 0.18490713688571278, -0.43390469639621415, -0.27171342733620946, 0.18283618586160102, 0.4424813105765027, 0.4619729556260324]
loss:
1073883.96177
average loss:
497.16850082
rms loss:
22.2972756367

